{
 "cells": [
  {
   "cell_type": "code",
   "execution_count": 1,
   "metadata": {},
   "outputs": [],
   "source": [
    "import pandas as pd\n",
    "import plotly.express as px\n",
    "import plotly.graph_objects as go\n",
    "from sklearn.model_selection import train_test_split\n",
    "from sklearn.ensemble import RandomForestRegressor\n",
    "from sklearn.metrics import mean_squared_error\n",
    "import pickle"
   ]
  },
  {
   "cell_type": "markdown",
   "metadata": {},
   "source": [
    "# Load Data"
   ]
  },
  {
   "cell_type": "code",
   "execution_count": 2,
   "metadata": {},
   "outputs": [],
   "source": [
    "df = pd.read_csv('../data/clean/clean.csv')"
   ]
  },
  {
   "cell_type": "code",
   "execution_count": 3,
   "metadata": {},
   "outputs": [
    {
     "data": {
      "text/html": [
       "<div>\n",
       "<style scoped>\n",
       "    .dataframe tbody tr th:only-of-type {\n",
       "        vertical-align: middle;\n",
       "    }\n",
       "\n",
       "    .dataframe tbody tr th {\n",
       "        vertical-align: top;\n",
       "    }\n",
       "\n",
       "    .dataframe thead th {\n",
       "        text-align: right;\n",
       "    }\n",
       "</style>\n",
       "<table border=\"1\" class=\"dataframe\">\n",
       "  <thead>\n",
       "    <tr style=\"text-align: right;\">\n",
       "      <th></th>\n",
       "      <th>fixed_acidity</th>\n",
       "      <th>volatile_acidity</th>\n",
       "      <th>citric_acid</th>\n",
       "      <th>residual_sugar</th>\n",
       "      <th>chlorides</th>\n",
       "      <th>free_sulfur_dioxide</th>\n",
       "      <th>total_sulfur_dioxide</th>\n",
       "      <th>density</th>\n",
       "      <th>pH</th>\n",
       "      <th>sulphates</th>\n",
       "      <th>alcohol</th>\n",
       "      <th>quality</th>\n",
       "    </tr>\n",
       "  </thead>\n",
       "  <tbody>\n",
       "    <tr>\n",
       "      <th>0</th>\n",
       "      <td>7.4</td>\n",
       "      <td>0.70</td>\n",
       "      <td>0.00</td>\n",
       "      <td>1.9</td>\n",
       "      <td>0.076</td>\n",
       "      <td>11.0</td>\n",
       "      <td>34.0</td>\n",
       "      <td>0.9978</td>\n",
       "      <td>3.51</td>\n",
       "      <td>0.56</td>\n",
       "      <td>9.4</td>\n",
       "      <td>5</td>\n",
       "    </tr>\n",
       "    <tr>\n",
       "      <th>1</th>\n",
       "      <td>7.8</td>\n",
       "      <td>0.88</td>\n",
       "      <td>0.00</td>\n",
       "      <td>2.6</td>\n",
       "      <td>0.098</td>\n",
       "      <td>25.0</td>\n",
       "      <td>67.0</td>\n",
       "      <td>0.9968</td>\n",
       "      <td>3.20</td>\n",
       "      <td>0.68</td>\n",
       "      <td>9.8</td>\n",
       "      <td>5</td>\n",
       "    </tr>\n",
       "    <tr>\n",
       "      <th>2</th>\n",
       "      <td>7.8</td>\n",
       "      <td>0.76</td>\n",
       "      <td>0.04</td>\n",
       "      <td>2.3</td>\n",
       "      <td>0.092</td>\n",
       "      <td>15.0</td>\n",
       "      <td>54.0</td>\n",
       "      <td>0.9970</td>\n",
       "      <td>3.26</td>\n",
       "      <td>0.65</td>\n",
       "      <td>9.8</td>\n",
       "      <td>5</td>\n",
       "    </tr>\n",
       "    <tr>\n",
       "      <th>3</th>\n",
       "      <td>11.2</td>\n",
       "      <td>0.28</td>\n",
       "      <td>0.56</td>\n",
       "      <td>1.9</td>\n",
       "      <td>0.075</td>\n",
       "      <td>17.0</td>\n",
       "      <td>60.0</td>\n",
       "      <td>0.9980</td>\n",
       "      <td>3.16</td>\n",
       "      <td>0.58</td>\n",
       "      <td>9.8</td>\n",
       "      <td>6</td>\n",
       "    </tr>\n",
       "    <tr>\n",
       "      <th>4</th>\n",
       "      <td>7.4</td>\n",
       "      <td>0.70</td>\n",
       "      <td>0.00</td>\n",
       "      <td>1.9</td>\n",
       "      <td>0.076</td>\n",
       "      <td>11.0</td>\n",
       "      <td>34.0</td>\n",
       "      <td>0.9978</td>\n",
       "      <td>3.51</td>\n",
       "      <td>0.56</td>\n",
       "      <td>9.4</td>\n",
       "      <td>5</td>\n",
       "    </tr>\n",
       "  </tbody>\n",
       "</table>\n",
       "</div>"
      ],
      "text/plain": [
       "   fixed_acidity  volatile_acidity  citric_acid  residual_sugar  chlorides  \\\n",
       "0            7.4              0.70         0.00             1.9      0.076   \n",
       "1            7.8              0.88         0.00             2.6      0.098   \n",
       "2            7.8              0.76         0.04             2.3      0.092   \n",
       "3           11.2              0.28         0.56             1.9      0.075   \n",
       "4            7.4              0.70         0.00             1.9      0.076   \n",
       "\n",
       "   free_sulfur_dioxide  total_sulfur_dioxide  density    pH  sulphates  \\\n",
       "0                 11.0                  34.0   0.9978  3.51       0.56   \n",
       "1                 25.0                  67.0   0.9968  3.20       0.68   \n",
       "2                 15.0                  54.0   0.9970  3.26       0.65   \n",
       "3                 17.0                  60.0   0.9980  3.16       0.58   \n",
       "4                 11.0                  34.0   0.9978  3.51       0.56   \n",
       "\n",
       "   alcohol  quality  \n",
       "0      9.4        5  \n",
       "1      9.8        5  \n",
       "2      9.8        5  \n",
       "3      9.8        6  \n",
       "4      9.4        5  "
      ]
     },
     "execution_count": 3,
     "metadata": {},
     "output_type": "execute_result"
    }
   ],
   "source": [
    "df.head()"
   ]
  },
  {
   "cell_type": "code",
   "execution_count": null,
   "metadata": {},
   "outputs": [],
   "source": [
    "df.head"
   ]
  },
  {
   "cell_type": "markdown",
   "metadata": {},
   "source": [
    "# Feature Exploration"
   ]
  },
  {
   "cell_type": "markdown",
   "metadata": {},
   "source": [
    "## Overall Statistic"
   ]
  },
  {
   "cell_type": "markdown",
   "metadata": {},
   "source": [
    "Let's calculate basic statistical features for all columns"
   ]
  },
  {
   "cell_type": "code",
   "execution_count": 4,
   "metadata": {},
   "outputs": [
    {
     "name": "stdout",
     "output_type": "stream",
     "text": [
      "Statistic for  fixed_acidity\n",
      "count    1599.000000\n",
      "mean        8.319637\n",
      "std         1.741096\n",
      "min         4.600000\n",
      "25%         7.100000\n",
      "50%         7.900000\n",
      "75%         9.200000\n",
      "max        15.900000\n",
      "Name: fixed_acidity, dtype: float64\n",
      "---------------------\n",
      "Statistic for  volatile_acidity\n",
      "count    1599.000000\n",
      "mean        0.527821\n",
      "std         0.179060\n",
      "min         0.120000\n",
      "25%         0.390000\n",
      "50%         0.520000\n",
      "75%         0.640000\n",
      "max         1.580000\n",
      "Name: volatile_acidity, dtype: float64\n",
      "---------------------\n",
      "Statistic for  citric_acid\n",
      "count    1599.000000\n",
      "mean        0.270976\n",
      "std         0.194801\n",
      "min         0.000000\n",
      "25%         0.090000\n",
      "50%         0.260000\n",
      "75%         0.420000\n",
      "max         1.000000\n",
      "Name: citric_acid, dtype: float64\n",
      "---------------------\n",
      "Statistic for  residual_sugar\n",
      "count    1599.000000\n",
      "mean        2.538806\n",
      "std         1.409928\n",
      "min         0.900000\n",
      "25%         1.900000\n",
      "50%         2.200000\n",
      "75%         2.600000\n",
      "max        15.500000\n",
      "Name: residual_sugar, dtype: float64\n",
      "---------------------\n",
      "Statistic for  chlorides\n",
      "count    1599.000000\n",
      "mean        0.087467\n",
      "std         0.047065\n",
      "min         0.012000\n",
      "25%         0.070000\n",
      "50%         0.079000\n",
      "75%         0.090000\n",
      "max         0.611000\n",
      "Name: chlorides, dtype: float64\n",
      "---------------------\n",
      "Statistic for  free_sulfur_dioxide\n",
      "count    1599.000000\n",
      "mean       15.874922\n",
      "std        10.460157\n",
      "min         1.000000\n",
      "25%         7.000000\n",
      "50%        14.000000\n",
      "75%        21.000000\n",
      "max        72.000000\n",
      "Name: free_sulfur_dioxide, dtype: float64\n",
      "---------------------\n",
      "Statistic for  total_sulfur_dioxide\n",
      "count    1599.000000\n",
      "mean       46.467792\n",
      "std        32.895324\n",
      "min         6.000000\n",
      "25%        22.000000\n",
      "50%        38.000000\n",
      "75%        62.000000\n",
      "max       289.000000\n",
      "Name: total_sulfur_dioxide, dtype: float64\n",
      "---------------------\n",
      "Statistic for  density\n",
      "count    1599.000000\n",
      "mean        0.996747\n",
      "std         0.001887\n",
      "min         0.990070\n",
      "25%         0.995600\n",
      "50%         0.996750\n",
      "75%         0.997835\n",
      "max         1.003690\n",
      "Name: density, dtype: float64\n",
      "---------------------\n",
      "Statistic for  pH\n",
      "count    1599.000000\n",
      "mean        3.311113\n",
      "std         0.154386\n",
      "min         2.740000\n",
      "25%         3.210000\n",
      "50%         3.310000\n",
      "75%         3.400000\n",
      "max         4.010000\n",
      "Name: pH, dtype: float64\n",
      "---------------------\n",
      "Statistic for  sulphates\n",
      "count    1599.000000\n",
      "mean        0.658149\n",
      "std         0.169507\n",
      "min         0.330000\n",
      "25%         0.550000\n",
      "50%         0.620000\n",
      "75%         0.730000\n",
      "max         2.000000\n",
      "Name: sulphates, dtype: float64\n",
      "---------------------\n",
      "Statistic for  alcohol\n",
      "count    1599.000000\n",
      "mean       10.422983\n",
      "std         1.065668\n",
      "min         8.400000\n",
      "25%         9.500000\n",
      "50%        10.200000\n",
      "75%        11.100000\n",
      "max        14.900000\n",
      "Name: alcohol, dtype: float64\n",
      "---------------------\n",
      "Statistic for  quality\n",
      "count    1599.000000\n",
      "mean        5.636023\n",
      "std         0.807569\n",
      "min         3.000000\n",
      "25%         5.000000\n",
      "50%         6.000000\n",
      "75%         6.000000\n",
      "max         8.000000\n",
      "Name: quality, dtype: float64\n",
      "---------------------\n"
     ]
    }
   ],
   "source": [
    "for column in df.columns:\n",
    "    print('Statistic for ', column)\n",
    "    print(df[column].describe())\n",
    "    print('---------------------')"
   ]
  },
  {
   "cell_type": "markdown",
   "metadata": {},
   "source": [
    "## Correlation between Features"
   ]
  },
  {
   "cell_type": "code",
   "execution_count": 5,
   "metadata": {},
   "outputs": [],
   "source": [
    "correlation_matrix = df.corr()"
   ]
  },
  {
   "cell_type": "code",
   "execution_count": 6,
   "metadata": {},
   "outputs": [
    {
     "data": {
      "text/html": [
       "<div>\n",
       "<style scoped>\n",
       "    .dataframe tbody tr th:only-of-type {\n",
       "        vertical-align: middle;\n",
       "    }\n",
       "\n",
       "    .dataframe tbody tr th {\n",
       "        vertical-align: top;\n",
       "    }\n",
       "\n",
       "    .dataframe thead th {\n",
       "        text-align: right;\n",
       "    }\n",
       "</style>\n",
       "<table border=\"1\" class=\"dataframe\">\n",
       "  <thead>\n",
       "    <tr style=\"text-align: right;\">\n",
       "      <th></th>\n",
       "      <th>fixed_acidity</th>\n",
       "      <th>volatile_acidity</th>\n",
       "      <th>citric_acid</th>\n",
       "      <th>residual_sugar</th>\n",
       "      <th>chlorides</th>\n",
       "      <th>free_sulfur_dioxide</th>\n",
       "      <th>total_sulfur_dioxide</th>\n",
       "      <th>density</th>\n",
       "      <th>pH</th>\n",
       "      <th>sulphates</th>\n",
       "      <th>alcohol</th>\n",
       "      <th>quality</th>\n",
       "    </tr>\n",
       "  </thead>\n",
       "  <tbody>\n",
       "    <tr>\n",
       "      <th>fixed_acidity</th>\n",
       "      <td>1.000000</td>\n",
       "      <td>-0.256131</td>\n",
       "      <td>0.671703</td>\n",
       "      <td>0.114777</td>\n",
       "      <td>0.093705</td>\n",
       "      <td>-0.153794</td>\n",
       "      <td>-0.113181</td>\n",
       "      <td>0.668047</td>\n",
       "      <td>-0.682978</td>\n",
       "      <td>0.183006</td>\n",
       "      <td>-0.061668</td>\n",
       "      <td>0.124052</td>\n",
       "    </tr>\n",
       "    <tr>\n",
       "      <th>volatile_acidity</th>\n",
       "      <td>-0.256131</td>\n",
       "      <td>1.000000</td>\n",
       "      <td>-0.552496</td>\n",
       "      <td>0.001918</td>\n",
       "      <td>0.061298</td>\n",
       "      <td>-0.010504</td>\n",
       "      <td>0.076470</td>\n",
       "      <td>0.022026</td>\n",
       "      <td>0.234937</td>\n",
       "      <td>-0.260987</td>\n",
       "      <td>-0.202288</td>\n",
       "      <td>-0.390558</td>\n",
       "    </tr>\n",
       "    <tr>\n",
       "      <th>citric_acid</th>\n",
       "      <td>0.671703</td>\n",
       "      <td>-0.552496</td>\n",
       "      <td>1.000000</td>\n",
       "      <td>0.143577</td>\n",
       "      <td>0.203823</td>\n",
       "      <td>-0.060978</td>\n",
       "      <td>0.035533</td>\n",
       "      <td>0.364947</td>\n",
       "      <td>-0.541904</td>\n",
       "      <td>0.312770</td>\n",
       "      <td>0.109903</td>\n",
       "      <td>0.226373</td>\n",
       "    </tr>\n",
       "    <tr>\n",
       "      <th>residual_sugar</th>\n",
       "      <td>0.114777</td>\n",
       "      <td>0.001918</td>\n",
       "      <td>0.143577</td>\n",
       "      <td>1.000000</td>\n",
       "      <td>0.055610</td>\n",
       "      <td>0.187049</td>\n",
       "      <td>0.203028</td>\n",
       "      <td>0.355283</td>\n",
       "      <td>-0.085652</td>\n",
       "      <td>0.005527</td>\n",
       "      <td>0.042075</td>\n",
       "      <td>0.013732</td>\n",
       "    </tr>\n",
       "    <tr>\n",
       "      <th>chlorides</th>\n",
       "      <td>0.093705</td>\n",
       "      <td>0.061298</td>\n",
       "      <td>0.203823</td>\n",
       "      <td>0.055610</td>\n",
       "      <td>1.000000</td>\n",
       "      <td>0.005562</td>\n",
       "      <td>0.047400</td>\n",
       "      <td>0.200632</td>\n",
       "      <td>-0.265026</td>\n",
       "      <td>0.371260</td>\n",
       "      <td>-0.221141</td>\n",
       "      <td>-0.128907</td>\n",
       "    </tr>\n",
       "    <tr>\n",
       "      <th>free_sulfur_dioxide</th>\n",
       "      <td>-0.153794</td>\n",
       "      <td>-0.010504</td>\n",
       "      <td>-0.060978</td>\n",
       "      <td>0.187049</td>\n",
       "      <td>0.005562</td>\n",
       "      <td>1.000000</td>\n",
       "      <td>0.667666</td>\n",
       "      <td>-0.021946</td>\n",
       "      <td>0.070377</td>\n",
       "      <td>0.051658</td>\n",
       "      <td>-0.069408</td>\n",
       "      <td>-0.050656</td>\n",
       "    </tr>\n",
       "    <tr>\n",
       "      <th>total_sulfur_dioxide</th>\n",
       "      <td>-0.113181</td>\n",
       "      <td>0.076470</td>\n",
       "      <td>0.035533</td>\n",
       "      <td>0.203028</td>\n",
       "      <td>0.047400</td>\n",
       "      <td>0.667666</td>\n",
       "      <td>1.000000</td>\n",
       "      <td>0.071269</td>\n",
       "      <td>-0.066495</td>\n",
       "      <td>0.042947</td>\n",
       "      <td>-0.205654</td>\n",
       "      <td>-0.185100</td>\n",
       "    </tr>\n",
       "    <tr>\n",
       "      <th>density</th>\n",
       "      <td>0.668047</td>\n",
       "      <td>0.022026</td>\n",
       "      <td>0.364947</td>\n",
       "      <td>0.355283</td>\n",
       "      <td>0.200632</td>\n",
       "      <td>-0.021946</td>\n",
       "      <td>0.071269</td>\n",
       "      <td>1.000000</td>\n",
       "      <td>-0.341699</td>\n",
       "      <td>0.148506</td>\n",
       "      <td>-0.496180</td>\n",
       "      <td>-0.174919</td>\n",
       "    </tr>\n",
       "    <tr>\n",
       "      <th>pH</th>\n",
       "      <td>-0.682978</td>\n",
       "      <td>0.234937</td>\n",
       "      <td>-0.541904</td>\n",
       "      <td>-0.085652</td>\n",
       "      <td>-0.265026</td>\n",
       "      <td>0.070377</td>\n",
       "      <td>-0.066495</td>\n",
       "      <td>-0.341699</td>\n",
       "      <td>1.000000</td>\n",
       "      <td>-0.196648</td>\n",
       "      <td>0.205633</td>\n",
       "      <td>-0.057731</td>\n",
       "    </tr>\n",
       "    <tr>\n",
       "      <th>sulphates</th>\n",
       "      <td>0.183006</td>\n",
       "      <td>-0.260987</td>\n",
       "      <td>0.312770</td>\n",
       "      <td>0.005527</td>\n",
       "      <td>0.371260</td>\n",
       "      <td>0.051658</td>\n",
       "      <td>0.042947</td>\n",
       "      <td>0.148506</td>\n",
       "      <td>-0.196648</td>\n",
       "      <td>1.000000</td>\n",
       "      <td>0.093595</td>\n",
       "      <td>0.251397</td>\n",
       "    </tr>\n",
       "    <tr>\n",
       "      <th>alcohol</th>\n",
       "      <td>-0.061668</td>\n",
       "      <td>-0.202288</td>\n",
       "      <td>0.109903</td>\n",
       "      <td>0.042075</td>\n",
       "      <td>-0.221141</td>\n",
       "      <td>-0.069408</td>\n",
       "      <td>-0.205654</td>\n",
       "      <td>-0.496180</td>\n",
       "      <td>0.205633</td>\n",
       "      <td>0.093595</td>\n",
       "      <td>1.000000</td>\n",
       "      <td>0.476166</td>\n",
       "    </tr>\n",
       "    <tr>\n",
       "      <th>quality</th>\n",
       "      <td>0.124052</td>\n",
       "      <td>-0.390558</td>\n",
       "      <td>0.226373</td>\n",
       "      <td>0.013732</td>\n",
       "      <td>-0.128907</td>\n",
       "      <td>-0.050656</td>\n",
       "      <td>-0.185100</td>\n",
       "      <td>-0.174919</td>\n",
       "      <td>-0.057731</td>\n",
       "      <td>0.251397</td>\n",
       "      <td>0.476166</td>\n",
       "      <td>1.000000</td>\n",
       "    </tr>\n",
       "  </tbody>\n",
       "</table>\n",
       "</div>"
      ],
      "text/plain": [
       "                      fixed_acidity  volatile_acidity  citric_acid  \\\n",
       "fixed_acidity              1.000000         -0.256131     0.671703   \n",
       "volatile_acidity          -0.256131          1.000000    -0.552496   \n",
       "citric_acid                0.671703         -0.552496     1.000000   \n",
       "residual_sugar             0.114777          0.001918     0.143577   \n",
       "chlorides                  0.093705          0.061298     0.203823   \n",
       "free_sulfur_dioxide       -0.153794         -0.010504    -0.060978   \n",
       "total_sulfur_dioxide      -0.113181          0.076470     0.035533   \n",
       "density                    0.668047          0.022026     0.364947   \n",
       "pH                        -0.682978          0.234937    -0.541904   \n",
       "sulphates                  0.183006         -0.260987     0.312770   \n",
       "alcohol                   -0.061668         -0.202288     0.109903   \n",
       "quality                    0.124052         -0.390558     0.226373   \n",
       "\n",
       "                      residual_sugar  chlorides  free_sulfur_dioxide  \\\n",
       "fixed_acidity               0.114777   0.093705            -0.153794   \n",
       "volatile_acidity            0.001918   0.061298            -0.010504   \n",
       "citric_acid                 0.143577   0.203823            -0.060978   \n",
       "residual_sugar              1.000000   0.055610             0.187049   \n",
       "chlorides                   0.055610   1.000000             0.005562   \n",
       "free_sulfur_dioxide         0.187049   0.005562             1.000000   \n",
       "total_sulfur_dioxide        0.203028   0.047400             0.667666   \n",
       "density                     0.355283   0.200632            -0.021946   \n",
       "pH                         -0.085652  -0.265026             0.070377   \n",
       "sulphates                   0.005527   0.371260             0.051658   \n",
       "alcohol                     0.042075  -0.221141            -0.069408   \n",
       "quality                     0.013732  -0.128907            -0.050656   \n",
       "\n",
       "                      total_sulfur_dioxide   density        pH  sulphates  \\\n",
       "fixed_acidity                    -0.113181  0.668047 -0.682978   0.183006   \n",
       "volatile_acidity                  0.076470  0.022026  0.234937  -0.260987   \n",
       "citric_acid                       0.035533  0.364947 -0.541904   0.312770   \n",
       "residual_sugar                    0.203028  0.355283 -0.085652   0.005527   \n",
       "chlorides                         0.047400  0.200632 -0.265026   0.371260   \n",
       "free_sulfur_dioxide               0.667666 -0.021946  0.070377   0.051658   \n",
       "total_sulfur_dioxide              1.000000  0.071269 -0.066495   0.042947   \n",
       "density                           0.071269  1.000000 -0.341699   0.148506   \n",
       "pH                               -0.066495 -0.341699  1.000000  -0.196648   \n",
       "sulphates                         0.042947  0.148506 -0.196648   1.000000   \n",
       "alcohol                          -0.205654 -0.496180  0.205633   0.093595   \n",
       "quality                          -0.185100 -0.174919 -0.057731   0.251397   \n",
       "\n",
       "                       alcohol   quality  \n",
       "fixed_acidity        -0.061668  0.124052  \n",
       "volatile_acidity     -0.202288 -0.390558  \n",
       "citric_acid           0.109903  0.226373  \n",
       "residual_sugar        0.042075  0.013732  \n",
       "chlorides            -0.221141 -0.128907  \n",
       "free_sulfur_dioxide  -0.069408 -0.050656  \n",
       "total_sulfur_dioxide -0.205654 -0.185100  \n",
       "density              -0.496180 -0.174919  \n",
       "pH                    0.205633 -0.057731  \n",
       "sulphates             0.093595  0.251397  \n",
       "alcohol               1.000000  0.476166  \n",
       "quality               0.476166  1.000000  "
      ]
     },
     "execution_count": 6,
     "metadata": {},
     "output_type": "execute_result"
    }
   ],
   "source": [
    "correlation_matrix"
   ]
  },
  {
   "cell_type": "code",
   "execution_count": 8,
   "metadata": {},
   "outputs": [
    {
     "data": {
      "application/vnd.plotly.v1+json": {
       "config": {
        "plotlyServerURL": "https://plot.ly"
       },
       "data": [
        {
         "type": "heatmap",
         "x": [
          "fixed_acidity",
          "volatile_acidity",
          "citric_acid",
          "residual_sugar",
          "chlorides",
          "free_sulfur_dioxide",
          "total_sulfur_dioxide",
          "density",
          "pH",
          "sulphates",
          "alcohol",
          "quality"
         ],
         "y": [
          "fixed_acidity",
          "volatile_acidity",
          "citric_acid",
          "residual_sugar",
          "chlorides",
          "free_sulfur_dioxide",
          "total_sulfur_dioxide",
          "density",
          "pH",
          "sulphates",
          "alcohol",
          "quality"
         ],
         "z": [
          [
           1,
           -0.2561308947703819,
           0.6717034347641041,
           0.1147767244949209,
           0.093705186321305,
           -0.15379419286482485,
           -0.11318144304548039,
           0.6680472921189711,
           -0.6829781945685299,
           0.18300566393215348,
           -0.06166827062815111,
           0.1240516491132247
          ],
          [
           -0.2561308947703819,
           1,
           -0.5524956845595839,
           0.001917881962790698,
           0.06129777247646159,
           -0.010503827006591856,
           0.07647000482092836,
           0.02202623219521656,
           0.23493729440739436,
           -0.26098668528329055,
           -0.20228802715325686,
           -0.3905577802640094
          ],
          [
           0.6717034347641041,
           -0.5524956845595839,
           1,
           0.14357716157031483,
           0.20382291382904255,
           -0.06097812919230497,
           0.035533023931161666,
           0.3649471752112531,
           -0.5419041447395132,
           0.31277004385441737,
           0.10990324664156755,
           0.2263725143180432
          ],
          [
           0.1147767244949209,
           0.001917881962790698,
           0.14357716157031483,
           1,
           0.05560953520353216,
           0.18704899510428666,
           0.2030278816971015,
           0.3552833709833765,
           -0.08565242221887161,
           0.005527121339138363,
           0.04207543720973116,
           0.013731637340066346
          ],
          [
           0.093705186321305,
           0.06129777247646159,
           0.20382291382904255,
           0.05560953520353216,
           1,
           0.005562147004781088,
           0.047400468259075325,
           0.20063232664151315,
           -0.2650261311732278,
           0.37126048128542705,
           -0.22114054478828302,
           -0.12890655993005312
          ],
          [
           -0.15379419286482485,
           -0.010503827006591856,
           -0.06097812919230497,
           0.18704899510428666,
           0.005562147004781088,
           1,
           0.6676664504810212,
           -0.021945831163490016,
           0.07037749850494217,
           0.051657571842828584,
           -0.06940835356499997,
           -0.05065605724427643
          ],
          [
           -0.11318144304548039,
           0.07647000482092836,
           0.035533023931161666,
           0.2030278816971015,
           0.047400468259075325,
           0.6676664504810212,
           1,
           0.07126947620310314,
           -0.06649455901285606,
           0.04294683623953844,
           -0.20565394374367177,
           -0.18510028892653843
          ],
          [
           0.6680472921189711,
           0.02202623219521656,
           0.3649471752112531,
           0.3552833709833765,
           0.20063232664151315,
           -0.021945831163490016,
           0.07126947620310314,
           1,
           -0.34169933478503156,
           0.1485064117207851,
           -0.49617977024170085,
           -0.17491922778335006
          ],
          [
           -0.6829781945685299,
           0.23493729440739436,
           -0.5419041447395132,
           -0.08565242221887161,
           -0.2650261311732278,
           0.07037749850494217,
           -0.06649455901285606,
           -0.34169933478503156,
           1,
           -0.1966476023043703,
           0.20563250850549894,
           -0.0577313912053823
          ],
          [
           0.18300566393215348,
           -0.26098668528329055,
           0.31277004385441737,
           0.005527121339138363,
           0.37126048128542705,
           0.051657571842828584,
           0.04294683623953844,
           0.1485064117207851,
           -0.1966476023043703,
           1,
           0.09359475041046762,
           0.25139707906926206
          ],
          [
           -0.06166827062815111,
           -0.20228802715325686,
           0.10990324664156755,
           0.04207543720973116,
           -0.22114054478828302,
           -0.06940835356499997,
           -0.20565394374367177,
           -0.49617977024170085,
           0.20563250850549894,
           0.09359475041046762,
           1,
           0.47616632400114156
          ],
          [
           0.1240516491132247,
           -0.3905577802640094,
           0.2263725143180432,
           0.013731637340066346,
           -0.12890655993005312,
           -0.05065605724427643,
           -0.18510028892653843,
           -0.17491922778335006,
           -0.0577313912053823,
           0.25139707906926206,
           0.47616632400114156,
           1
          ]
         ]
        }
       ],
       "layout": {
        "template": {
         "data": {
          "bar": [
           {
            "error_x": {
             "color": "#2a3f5f"
            },
            "error_y": {
             "color": "#2a3f5f"
            },
            "marker": {
             "line": {
              "color": "#E5ECF6",
              "width": 0.5
             }
            },
            "type": "bar"
           }
          ],
          "barpolar": [
           {
            "marker": {
             "line": {
              "color": "#E5ECF6",
              "width": 0.5
             }
            },
            "type": "barpolar"
           }
          ],
          "carpet": [
           {
            "aaxis": {
             "endlinecolor": "#2a3f5f",
             "gridcolor": "white",
             "linecolor": "white",
             "minorgridcolor": "white",
             "startlinecolor": "#2a3f5f"
            },
            "baxis": {
             "endlinecolor": "#2a3f5f",
             "gridcolor": "white",
             "linecolor": "white",
             "minorgridcolor": "white",
             "startlinecolor": "#2a3f5f"
            },
            "type": "carpet"
           }
          ],
          "choropleth": [
           {
            "colorbar": {
             "outlinewidth": 0,
             "ticks": ""
            },
            "type": "choropleth"
           }
          ],
          "contour": [
           {
            "colorbar": {
             "outlinewidth": 0,
             "ticks": ""
            },
            "colorscale": [
             [
              0,
              "#0d0887"
             ],
             [
              0.1111111111111111,
              "#46039f"
             ],
             [
              0.2222222222222222,
              "#7201a8"
             ],
             [
              0.3333333333333333,
              "#9c179e"
             ],
             [
              0.4444444444444444,
              "#bd3786"
             ],
             [
              0.5555555555555556,
              "#d8576b"
             ],
             [
              0.6666666666666666,
              "#ed7953"
             ],
             [
              0.7777777777777778,
              "#fb9f3a"
             ],
             [
              0.8888888888888888,
              "#fdca26"
             ],
             [
              1,
              "#f0f921"
             ]
            ],
            "type": "contour"
           }
          ],
          "contourcarpet": [
           {
            "colorbar": {
             "outlinewidth": 0,
             "ticks": ""
            },
            "type": "contourcarpet"
           }
          ],
          "heatmap": [
           {
            "colorbar": {
             "outlinewidth": 0,
             "ticks": ""
            },
            "colorscale": [
             [
              0,
              "#0d0887"
             ],
             [
              0.1111111111111111,
              "#46039f"
             ],
             [
              0.2222222222222222,
              "#7201a8"
             ],
             [
              0.3333333333333333,
              "#9c179e"
             ],
             [
              0.4444444444444444,
              "#bd3786"
             ],
             [
              0.5555555555555556,
              "#d8576b"
             ],
             [
              0.6666666666666666,
              "#ed7953"
             ],
             [
              0.7777777777777778,
              "#fb9f3a"
             ],
             [
              0.8888888888888888,
              "#fdca26"
             ],
             [
              1,
              "#f0f921"
             ]
            ],
            "type": "heatmap"
           }
          ],
          "heatmapgl": [
           {
            "colorbar": {
             "outlinewidth": 0,
             "ticks": ""
            },
            "colorscale": [
             [
              0,
              "#0d0887"
             ],
             [
              0.1111111111111111,
              "#46039f"
             ],
             [
              0.2222222222222222,
              "#7201a8"
             ],
             [
              0.3333333333333333,
              "#9c179e"
             ],
             [
              0.4444444444444444,
              "#bd3786"
             ],
             [
              0.5555555555555556,
              "#d8576b"
             ],
             [
              0.6666666666666666,
              "#ed7953"
             ],
             [
              0.7777777777777778,
              "#fb9f3a"
             ],
             [
              0.8888888888888888,
              "#fdca26"
             ],
             [
              1,
              "#f0f921"
             ]
            ],
            "type": "heatmapgl"
           }
          ],
          "histogram": [
           {
            "marker": {
             "colorbar": {
              "outlinewidth": 0,
              "ticks": ""
             }
            },
            "type": "histogram"
           }
          ],
          "histogram2d": [
           {
            "colorbar": {
             "outlinewidth": 0,
             "ticks": ""
            },
            "colorscale": [
             [
              0,
              "#0d0887"
             ],
             [
              0.1111111111111111,
              "#46039f"
             ],
             [
              0.2222222222222222,
              "#7201a8"
             ],
             [
              0.3333333333333333,
              "#9c179e"
             ],
             [
              0.4444444444444444,
              "#bd3786"
             ],
             [
              0.5555555555555556,
              "#d8576b"
             ],
             [
              0.6666666666666666,
              "#ed7953"
             ],
             [
              0.7777777777777778,
              "#fb9f3a"
             ],
             [
              0.8888888888888888,
              "#fdca26"
             ],
             [
              1,
              "#f0f921"
             ]
            ],
            "type": "histogram2d"
           }
          ],
          "histogram2dcontour": [
           {
            "colorbar": {
             "outlinewidth": 0,
             "ticks": ""
            },
            "colorscale": [
             [
              0,
              "#0d0887"
             ],
             [
              0.1111111111111111,
              "#46039f"
             ],
             [
              0.2222222222222222,
              "#7201a8"
             ],
             [
              0.3333333333333333,
              "#9c179e"
             ],
             [
              0.4444444444444444,
              "#bd3786"
             ],
             [
              0.5555555555555556,
              "#d8576b"
             ],
             [
              0.6666666666666666,
              "#ed7953"
             ],
             [
              0.7777777777777778,
              "#fb9f3a"
             ],
             [
              0.8888888888888888,
              "#fdca26"
             ],
             [
              1,
              "#f0f921"
             ]
            ],
            "type": "histogram2dcontour"
           }
          ],
          "mesh3d": [
           {
            "colorbar": {
             "outlinewidth": 0,
             "ticks": ""
            },
            "type": "mesh3d"
           }
          ],
          "parcoords": [
           {
            "line": {
             "colorbar": {
              "outlinewidth": 0,
              "ticks": ""
             }
            },
            "type": "parcoords"
           }
          ],
          "pie": [
           {
            "automargin": true,
            "type": "pie"
           }
          ],
          "scatter": [
           {
            "marker": {
             "colorbar": {
              "outlinewidth": 0,
              "ticks": ""
             }
            },
            "type": "scatter"
           }
          ],
          "scatter3d": [
           {
            "line": {
             "colorbar": {
              "outlinewidth": 0,
              "ticks": ""
             }
            },
            "marker": {
             "colorbar": {
              "outlinewidth": 0,
              "ticks": ""
             }
            },
            "type": "scatter3d"
           }
          ],
          "scattercarpet": [
           {
            "marker": {
             "colorbar": {
              "outlinewidth": 0,
              "ticks": ""
             }
            },
            "type": "scattercarpet"
           }
          ],
          "scattergeo": [
           {
            "marker": {
             "colorbar": {
              "outlinewidth": 0,
              "ticks": ""
             }
            },
            "type": "scattergeo"
           }
          ],
          "scattergl": [
           {
            "marker": {
             "colorbar": {
              "outlinewidth": 0,
              "ticks": ""
             }
            },
            "type": "scattergl"
           }
          ],
          "scattermapbox": [
           {
            "marker": {
             "colorbar": {
              "outlinewidth": 0,
              "ticks": ""
             }
            },
            "type": "scattermapbox"
           }
          ],
          "scatterpolar": [
           {
            "marker": {
             "colorbar": {
              "outlinewidth": 0,
              "ticks": ""
             }
            },
            "type": "scatterpolar"
           }
          ],
          "scatterpolargl": [
           {
            "marker": {
             "colorbar": {
              "outlinewidth": 0,
              "ticks": ""
             }
            },
            "type": "scatterpolargl"
           }
          ],
          "scatterternary": [
           {
            "marker": {
             "colorbar": {
              "outlinewidth": 0,
              "ticks": ""
             }
            },
            "type": "scatterternary"
           }
          ],
          "surface": [
           {
            "colorbar": {
             "outlinewidth": 0,
             "ticks": ""
            },
            "colorscale": [
             [
              0,
              "#0d0887"
             ],
             [
              0.1111111111111111,
              "#46039f"
             ],
             [
              0.2222222222222222,
              "#7201a8"
             ],
             [
              0.3333333333333333,
              "#9c179e"
             ],
             [
              0.4444444444444444,
              "#bd3786"
             ],
             [
              0.5555555555555556,
              "#d8576b"
             ],
             [
              0.6666666666666666,
              "#ed7953"
             ],
             [
              0.7777777777777778,
              "#fb9f3a"
             ],
             [
              0.8888888888888888,
              "#fdca26"
             ],
             [
              1,
              "#f0f921"
             ]
            ],
            "type": "surface"
           }
